EventN: 1
Time: 2018/05/10/11:33:32.1092527200
EventTS: 1406555465
CrateEventPos: 0
MergedEvents: 0
ADC Samples: 
Ch 0 : 15803 15797 15801 15808 15806 15807 15807 15801 15803 15798 15807 15803 15796 15804 15796 15801 15802 15805 15804 15802 15805 15802 15808 15805 15799 15807 15802 15805 15807 15804 15802 15799 15799 15808 15799 15802 15798 15810 15801 15795 15799 15802 15806 15799 15800 15805 15802 15805 15809 15805 15807 15804 15800 15805 15803 15806 15797 15807 15808 15804 15800 15805 15807 15805 15799 15805 15803 15801 15801 15795 15802 15795 15799 15802 15804 15810 15803 15807 15806 15801 15809 15805 15805 15805 15796 15805 15801 15800 15809 15804 15807 15798 15805 15805 15802 15805 15803 15802 15806 15802 15806 15799 15803 15793 15807 15807 15795 15805 15810 15799 15810 15803 15803 15804 15805 15807 15805 15795 15804 15805 
Ch 1 : 15739 15741 15744 15747 15744 15745 15741 15742 15730 15741 15739 15746 15739 15750 15744 15746 15742 15746 15743 15739 15741 15747 15751 15746 15742 15742 15738 15738 15740 15742 15743 15738 15743 15744 15746 15738 15743 15743 15742 15738 15739 15743 15744 15742 15747 15750 15746 15739 15741 15742 15746 15743 15743 15746 15739 15741 15744 15747 15742 15746 15743 15744 15739 15744 15737 15742 15743 15746 15745 15736 15736 15744 15745 15745 15748 15747 15742 15741 15739 15737 15747 15744 15747 15741 15740 15743 15740 15742 15743 15738 15743 15734 15743 15742 15742 15744 15746 15739 15741 15741 15742 15740 15744 15741 15749 15748 15740 15741 15737 15745 15742 15735 15739 15742 15743 15742 15741 15740 15745 15744 
Ch 2 : 15631 15632 15632 15633 15629 15626 15624 15629 15629 15630 15630 15621 15623 15636 15637 15633 15628 15631 15630 15634 15630 15639 15629 15629 15635 15636 15635 15624 15630 15630 15632 15627 15631 15622 15628 15633 15624 15541 15166 14510 14245 14356 14268 14382 14612 14592 14727 14880 15104 15285 15249 15374 15410 15447 15511 15508 15514 15519 15481 15533 15499 15482 15511 15589 15595 15570 15621 15636 15590 15614 15634 15598 15613 15642 15620 15617 15635 15623 15620 15626 15635 15615 15627 15628 15624 15638 15629 15628 15633 15630 15619 15598 15618 15622 15622 15630 15629 15630 15618 15622 15628 15625 15623 15626 15628 15629 15628 15630 15618 15622 15629 15625 15626 15627 15631 15637 15632 15633 15625 15633 
Ch 3 : 15484 15479 15488 15497 15488 15491 15492 15485 15484 15485 15490 15489 15494 15501 15488 15494 15500 15502 15499 15501 15494 15497 15494 15494 15492 15501 15492 15491 15498 15490 15486 15492 15488 15491 15486 15486 15460 15179 14972 14467 14092 13485 13723 13699 14118 14243 14398 14173 14494 14736 14988 15154 15276 15345 15370 15346 15272 15176 15236 15325 15336 15230 15352 15390 15418 15419 15424 15444 15424 15288 15302 15392 15424 15426 15414 15420 15402 15404 15395 15422 15428 15439 15430 15454 15452 15475 15472 15478 15483 15495 15496 15489 15486 15479 15484 15489 15484 15485 15496 15490 15491 15463 15480 15484 15484 15489 15488 15494 15486 15490 15490 15486 15494 15495 15494 15495 15488 15485 15426 15467 
Extracted Pulses: 

Pulse Channel = 3 EventN = 11
Pulse Time: 2018/05/10/11:33:32.1092527920
Pulse Start 36
Pulse Len 53
Pulse Baseline 15490
Pulse BaselineV 0
Pulse SampleSum 20406
Pulse SampleTime 2 ns
Pulse Energy 20406
Pulse Extrema 0
Pulse Positive  0
Pulse ADC Samples: 15460 15179 14972 14467 14092 13485 13723 13699 14118 14243 14398 14173 14494 14736 14988 15154 15276 15345 15370 15346 15272 15176 15236 15325 15336 15230 15352 15390 15418 15419 15424 15444 15424 15288 15302 15392 15424 15426 15414 15420 15402 15404 15395 15422 15428 15439 15430 15454 15452 15475 15472 15478 15483 
Pulse ADC Voltages: 7728.13 7587.63 7484.13 7231.63 7044.13 6740.63 6859.63 6847.63 7057.13 7119.63 7197.13 7084.63 7245.13 7366.13 7492.13 7575.13 7636.13 7670.63 7683.13 7671.13 7634.13 7586.13 7616.13 7660.63 7666.13 7613.13 7674.13 7693.13 7707.13 7707.63 7710.13 7720.13 7710.13 7642.13 7649.13 7694.13 7710.13 7711.13 7705.13 7708.13 7699.13 7700.13 7695.63 7709.13 7712.13 7717.63 7713.13 7725.13 7724.13 7735.63 7734.13 7737.13 7739.63 

Pulse Channel = 2 EventN = 7
Pulse Time: 2018/05/10/11:33:32.1092527940
Pulse Start 37
Pulse Len 30
Pulse Baseline 15628
Pulse BaselineV 0
Pulse SampleSum 13759
Pulse SampleTime 2 ns
Pulse Energy 13761
Pulse Extrema 0
Pulse Positive  0
Pulse ADC Samples: 15541 15166 14510 14245 14356 14268 14382 14612 14592 14727 14880 15104 15285 15249 15374 15410 15447 15511 15508 15514 15519 15481 15533 15499 15482 15511 15589 15595 15570 15621 
Pulse ADC Voltages: 7768.63 7581.13 7253.13 7120.63 7176.13 7132.13 7189.13 7304.13 7294.13 7361.63 7438.13 7550.13 7640.63 7622.63 7685.13 7703.13 7721.63 7753.63 7752.13 7755.13 7757.63 7738.63 7764.63 7747.63 7739.13 7753.63 7792.63 7795.63 7783.13 7808.63 

Pulse Channel = 2 EventN = 8
Pulse Time: 2018/05/10/11:33:32.1092528560
Pulse Start 68
Pulse Len 2
Pulse Baseline 15629
Pulse BaselineV 0
Pulse SampleSum 54
Pulse SampleTime 2 ns
Pulse Energy 60
Pulse Extrema 0
Pulse Positive  0
Pulse ADC Samples: 15590 15614 
Pulse ADC Voltages: 7793.13 7805.13 

Pulse Channel = 2 EventN = 9
Pulse Time: 2018/05/10/11:33:32.1092528620
Pulse Start 71
Pulse Len 2
Pulse Baseline 15629
Pulse BaselineV 0
Pulse SampleSum 47
Pulse SampleTime 2 ns
Pulse Energy 56
Pulse Extrema 0
Pulse Positive  0
Pulse ADC Samples: 15598 15613 
Pulse ADC Voltages: 7797.13 7804.63 

Pulse Channel = 2 EventN = 10
Pulse Time: 2018/05/10/11:33:32.1092529020
Pulse Start 91
Pulse Len 3
Pulse Baseline 15627
Pulse BaselineV 0
Pulse SampleSum 43
Pulse SampleTime 2 ns
Pulse Energy 36
Pulse Extrema 0
Pulse Positive  0
Pulse ADC Samples: 15598 15618 15622 
Pulse ADC Voltages: 7797.13 7807.13 7809.13 

Pulse Channel = 3 EventN = 12
Pulse Time: 2018/05/10/11:33:32.1092529220
Pulse Start 101
Pulse Len 2
Pulse Baseline 15487
Pulse BaselineV 0
Pulse SampleSum 31
Pulse SampleTime 2 ns
Pulse Energy 31
Pulse Extrema 0
Pulse Positive  0
Pulse ADC Samples: 15463 15480 
Pulse ADC Voltages: 7729.63 7738.13 

Pulse Channel = 3 EventN = 13
Pulse Time: 2018/05/10/11:33:32.1092529560
Pulse Start 118
Pulse Len 2
Pulse Baseline 15490
Pulse BaselineV 0
Pulse SampleSum 87
Pulse SampleTime 2 ns
Pulse Energy 73
Pulse Extrema 0
Pulse Positive  0
Pulse ADC Samples: 15426 15467 
Pulse ADC Voltages: 7711.13 7731.63 

