EventN: 6
Time: 2018/05/10/11:33:35.0644776960
EventTS: 1775958587
CrateEventPos: 0
MergedEvents: 0
ADC Samples: 
Ch 0 : 15806 15805 15806 15808 15810 15806 15799 15804 15805 15805 15802 15804 15796 15803 15801 15795 15805 15808 15801 15806 15809 15805 15807 15797 15805 15797 15803 15808 15806 15803 15796 15806 15805 15787 15554 14724 13114 13021 12997 13211 13636 14050 14657 15093 15163 15309 15435 15562 15638 15690 15700 15713 15663 15568 15517 15529 15627 15552 15514 15627 15684 15724 15736 15750 15745 15745 15730 15732 15717 15720 15539 15459 15584 15544 15604 15700 15719 15748 15762 15767 15771 15774 15784 15785 15784 15792 15792 15788 15793 15796 15800 15798 15801 15796 15803 15801 15806 15809 15794 15796 15798 15795 15800 15806 15805 15796 15798 15794 15808 15802 15804 15813 15805 15805 15801 15804 15800 15808 15805 15804 
Ch 1 : 15735 15742 15747 15742 15741 15739 15742 15753 15740 15739 15743 15736 15740 15743 15731 15742 15737 15742 15736 15733 15742 15742 15738 15743 15741 15738 15744 15744 15740 15743 15740 15744 15743 15171 14017 12470 12838 13883 13276 13553 14443 14892 15194 14872 15011 15051 15208 15103 15287 15437 15524 15351 15151 15487 15538 15563 15596 15612 15613 15565 15505 15545 15610 15594 15630 15657 15743 15905 16077 16084 16028 16035 16036 15950 15900 15884 15931 15922 15907 15887 15911 15858 15828 15810 15840 15866 15830 15816 15815 15804 15799 15791 15809 15828 15810 15800 15800 15798 15782 15779 15748 15731 15715 15720 15713 15714 15717 15723 15728 15718 15708 15720 15710 15715 15713 15728 15722 15726 15715 15726 
Ch 2 : 15622 15620 15631 15640 15630 15621 15618 15633 15636 15642 15629 15624 15622 15638 15639 15627 15617 15614 15632 15642 15635 15626 15625 15630 15640 15642 15634 15626 15622 15621 15631 15631 15626 15621 15627 15638 15638 15636 15593 15309 14381 14045 13704 13694 14403 14754 15334 15228 15359 15460 15346 15370 15459 15480 15495 15570 15586 15577 15612 15604 15582 15589 15606 15610 15614 15635 15592 15495 15498 15633 15601 15615 15606 15630 15629 15598 15624 15621 15614 15635 15629 15621 15625 15629 15626 15628 15623 15615 15626 15635 15633 15622 15627 15622 15621 15636 15627 15621 15618 15617 15626 15630 15628 15624 15623 15626 15623 15633 15630 15626 15623 15632 15630 15625 15630 15628 15628 15629 15630 15624 
Ch 3 : 15492 15500 15496 15497 15496 15492 15491 15493 15504 15506 15499 15500 15487 15483 15492 15496 15496 15485 15486 15491 15492 15489 15492 15494 15488 15487 15486 15492 15496 15500 15488 15487 15488 15493 15502 15507 15470 15233 14707 13992 13938 13778 13182 12804 13012 13603 14064 14419 14412 14526 14592 14395 14662 15010 15136 15220 15190 15245 15340 15277 15164 15335 15380 15408 15364 15348 15320 15398 15390 15442 15412 15425 15452 15413 15404 15414 15390 15383 15352 15368 15384 15422 15430 15438 15452 15466 15462 15465 15472 15485 15484 15485 15494 15505 15499 15487 15486 15500 15492 15502 15496 15491 15496 15491 15416 15458 15468 15492 15496 15493 15496 15493 15492 15493 15492 15491 15492 15503 15492 15497 
Extracted Pulses: 

Pulse Channel = 1 EventN = 44
Pulse Time: 2018/05/10/11:33:35.0644777620
Pulse Start 33
Pulse Len 33
Pulse Baseline 15742
Pulse BaselineV 0
Pulse SampleSum 25239
Pulse SampleTime 2 ns
Pulse Energy 25240
Pulse Extrema 0
Pulse Positive  0
Pulse ADC Samples: 15171 14017 12470 12838 13883 13276 13553 14443 14892 15194 14872 15011 15051 15208 15103 15287 15437 15524 15351 15151 15487 15538 15563 15596 15612 15613 15565 15505 15545 15610 15594 15630 15657 
Pulse ADC Voltages: 7583.63 7006.63 6233.13 6417.13 6939.63 6636.13 6774.63 7219.63 7444.13 7595.13 7434.13 7503.63 7523.63 7602.13 7549.63 7641.63 7716.63 7760.13 7673.63 7573.63 7741.63 7767.13 7779.63 7796.13 7804.13 7804.63 7780.63 7750.63 7770.63 7803.13 7795.13 7813.13 7826.63 

Pulse Channel = 0 EventN = 43
Pulse Time: 2018/05/10/11:33:35.0644777640
Pulse Start 34
Pulse Len 56
Pulse Baseline 15802
Pulse BaselineV 0
Pulse SampleSum 24480
Pulse SampleTime 2 ns
Pulse Energy 24471
Pulse Extrema 0
Pulse Positive  0
Pulse ADC Samples: 15554 14724 13114 13021 12997 13211 13636 14050 14657 15093 15163 15309 15435 15562 15638 15690 15700 15713 15663 15568 15517 15529 15627 15552 15514 15627 15684 15724 15736 15750 15745 15745 15730 15732 15717 15720 15539 15459 15584 15544 15604 15700 15719 15748 15762 15767 15771 15774 15784 15785 15784 15792 15792 15788 15793 15796 
Pulse ADC Voltages: 7775.13 7360.13 6555.13 6508.63 6496.63 6603.63 6816.13 7023.13 7326.63 7544.63 7579.63 7652.63 7715.63 7779.13 7817.13 7843.13 7848.13 7854.63 7829.63 7782.13 7756.63 7762.63 7811.63 7774.13 7755.13 7811.63 7840.13 7860.13 7866.13 7873.13 7870.63 7870.63 7863.13 7864.13 7856.63 7858.13 7767.63 7727.63 7790.13 7770.13 7800.13 7848.13 7857.63 7872.13 7879.13 7881.63 7883.63 7885.13 7890.13 7890.63 7890.13 7894.13 7894.13 7892.13 7894.63 7896.13 

Pulse Channel = 3 EventN = 51
Pulse Time: 2018/05/10/11:33:35.0644777680
Pulse Start 36
Pulse Len 56
Pulse Baseline 15494
Pulse BaselineV 0
Pulse SampleSum 27450
Pulse SampleTime 2 ns
Pulse Energy 27456
Pulse Extrema 0
Pulse Positive  0
Pulse ADC Samples: 15470 15233 14707 13992 13938 13778 13182 12804 13012 13603 14064 14419 14412 14526 14592 14395 14662 15010 15136 15220 15190 15245 15340 15277 15164 15335 15380 15408 15364 15348 15320 15398 15390 15442 15412 15425 15452 15413 15404 15414 15390 15383 15352 15368 15384 15422 15430 15438 15452 15466 15462 15465 15472 15485 15484 15485 
Pulse ADC Voltages: 7733.13 7614.63 7351.63 6994.13 6967.13 6887.13 6589.13 6400.13 6504.13 6799.63 7030.13 7207.63 7204.13 7261.13 7294.13 7195.63 7329.13 7503.13 7566.13 7608.13 7593.13 7620.63 7668.13 7636.63 7580.13 7665.63 7688.13 7702.13 7680.13 7672.13 7658.13 7697.13 7693.13 7719.13 7704.13 7710.63 7724.13 7704.63 7700.13 7705.13 7693.13 7689.63 7674.13 7682.13 7690.13 7709.13 7713.13 7717.13 7724.13 7731.13 7729.13 7730.63 7734.13 7740.63 7740.13 7740.63 

Pulse Channel = 2 EventN = 47
Pulse Time: 2018/05/10/11:33:35.0644777720
Pulse Start 38
Pulse Len 27
Pulse Baseline 15629
Pulse BaselineV 0
Pulse SampleSum 11619
Pulse SampleTime 2 ns
Pulse Energy 11625
Pulse Extrema 0
Pulse Positive  0
Pulse ADC Samples: 15593 15309 14381 14045 13704 13694 14403 14754 15334 15228 15359 15460 15346 15370 15459 15480 15495 15570 15586 15577 15612 15604 15582 15589 15606 15610 15614 
Pulse ADC Voltages: 7794.63 7652.63 7188.63 7020.63 6850.13 6845.13 7199.63 7375.13 7665.13 7612.13 7677.63 7728.13 7671.13 7683.13 7727.63 7738.13 7745.63 7783.13 7791.13 7786.63 7804.13 7800.13 7789.13 7792.63 7801.13 7803.13 7805.13 

Pulse Channel = 2 EventN = 48
Pulse Time: 2018/05/10/11:33:35.0644778280
Pulse Start 66
Pulse Len 3
Pulse Baseline 15629
Pulse BaselineV 0
Pulse SampleSum 302
Pulse SampleTime 2 ns
Pulse Energy 307
Pulse Extrema 0
Pulse Positive  0
Pulse ADC Samples: 15592 15495 15498 
Pulse ADC Voltages: 7794.13 7745.63 7747.13 

Pulse Channel = 2 EventN = 49
Pulse Time: 2018/05/10/11:33:35.0644778360
Pulse Start 70
Pulse Len 3
Pulse Baseline 15629
Pulse BaselineV 0
Pulse SampleSum 65
Pulse SampleTime 2 ns
Pulse Energy 67
Pulse Extrema 0
Pulse Positive  0
Pulse ADC Samples: 15601 15615 15606 
Pulse ADC Voltages: 7798.63 7805.63 7801.13 

Pulse Channel = 1 EventN = 45
Pulse Time: 2018/05/10/11:33:35.0644778440
Pulse Start 74
Pulse Len 3
Pulse Baseline 15934
Pulse BaselineV 0
Pulse SampleSum 87
Pulse SampleTime 2 ns
Pulse Energy 89
Pulse Extrema 0
Pulse Positive  0
Pulse ADC Samples: 15900 15884 15931 
Pulse ADC Voltages: 7948.13 7940.13 7963.63 

Pulse Channel = 2 EventN = 50
Pulse Time: 2018/05/10/11:33:35.0644778460
Pulse Start 75
Pulse Len 2
Pulse Baseline 15630
Pulse BaselineV 0
Pulse SampleSum 38
Pulse SampleTime 2 ns
Pulse Energy 33
Pulse Extrema 0
Pulse Positive  0
Pulse ADC Samples: 15598 15624 
Pulse ADC Voltages: 7797.13 7810.13 

Pulse Channel = 1 EventN = 46
Pulse Time: 2018/05/10/11:33:35.0644778520
Pulse Start 78
Pulse Len 42
Pulse Baseline 15952
Pulse BaselineV 0
Pulse SampleSum 7406
Pulse SampleTime 2 ns
Pulse Energy 7278
Pulse Extrema 0
Pulse Positive  0
Pulse ADC Samples: 15907 15887 15911 15858 15828 15810 15840 15866 15830 15816 15815 15804 15799 15791 15809 15828 15810 15800 15800 15798 15782 15779 15748 15731 15715 15720 15713 15714 15717 15723 15728 15718 15708 15720 15710 15715 15713 15728 15722 15726 15715 15726 
Pulse ADC Voltages: 7951.63 7941.63 7953.63 7927.13 7912.13 7903.13 7918.13 7931.13 7913.13 7906.13 7905.63 7900.13 7897.63 7893.63 7902.63 7912.13 7903.13 7898.13 7898.13 7897.13 7889.13 7887.63 7872.13 7863.63 7855.63 7858.13 7854.63 7855.13 7856.63 7859.63 7862.13 7857.13 7852.13 7858.13 7853.13 7855.63 7854.63 7862.13 7859.13 7861.13 7855.63 7861.13 

Pulse Channel = 3 EventN = 52
Pulse Time: 2018/05/10/11:33:35.0644779040
Pulse Start 104
Pulse Len 4
Pulse Baseline 15494
Pulse BaselineV 0
Pulse SampleSum 142
Pulse SampleTime 2 ns
Pulse Energy 141
Pulse Extrema 0
Pulse Positive  0
Pulse ADC Samples: 15416 15458 15468 15492 
Pulse ADC Voltages: 7706.13 7727.13 7732.13 7744.13 

