EventN: 3
Time: 2018/05/10/11:33:34.2270629760
EventTS: 1671281747
CrateEventPos: 0
MergedEvents: 0
ADC Samples: 
Ch 0 : 15804 15796 15807 15812 15799 15796 15804 15801 15804 15806 15801 15801 15800 15803 15800 15802 15798 15803 15804 15801 15798 15803 15805 15795 15800 15802 15798 15798 15805 15802 15802 15805 15809 15794 15802 15805 15805 15805 15798 15799 15804 15805 15809 15799 15797 15801 15806 15805 15805 15807 15797 15804 15805 15802 15804 15798 15796 15805 15808 15805 15804 15805 15802 15796 15803 15804 15796 15808 15806 15802 15800 15805 15802 15801 15796 15797 15801 15806 15800 15802 15798 15806 15797 15796 15802 15807 15802 15795 15802 15804 15805 15794 15810 15803 15804 15795 15803 15805 15806 15803 15801 15802 15805 15795 15805 15801 15805 15803 15806 15806 15796 15805 15800 15796 15802 15806 15800 15808 15804 15803 
Ch 1 : 15743 15738 15742 15742 15743 15741 15745 15748 15743 15738 15744 15742 15740 15740 15739 15742 15742 15748 15743 15736 15738 15745 15744 15742 15738 15741 15742 15739 15746 15741 15743 15747 15738 15742 15747 15746 15746 15748 15744 15738 15747 15743 15747 15745 15742 15739 15743 15741 15740 15742 15742 15737 15742 15745 15742 15748 15740 15738 15743 15738 15747 15744 15739 15741 15737 15742 15747 15744 15741 15743 15740 15737 15746 15747 15732 15741 15745 15746 15749 15741 15743 15744 15744 15742 15741 15746 15743 15744 15743 15739 15745 15741 15744 15744 15738 15741 15745 15744 15742 15747 15745 15748 15736 15745 15742 15750 15743 15748 15747 15747 15745 15742 15748 15746 15733 15745 15745 15741 15744 15744 
Ch 2 : 15623 15633 15628 15629 15628 15627 15632 15631 15623 15629 15634 15629 15629 15622 15623 15626 15630 15634 15630 15631 15626 15631 15635 15630 15622 15625 15628 15626 15632 15621 15629 15632 15630 15625 15635 15629 15632 15628 15631 15635 15624 15534 15068 14197 13855 13487 13699 14494 15062 14882 14787 14862 15420 15351 15311 15301 15332 15540 15522 15538 15538 15614 15587 15544 15581 15594 15590 15632 15585 15512 15589 15648 15607 15612 15625 15614 15613 15634 15628 15604 15617 15630 15622 15622 15631 15620 15625 15633 15628 15624 15632 15626 15626 15627 15628 15616 15619 15621 15623 15625 15625 15618 15622 15622 15631 15632 15622 15620 15623 15627 15622 15623 15632 15626 15623 15626 15627 15624 15628 15623 
Ch 3 : 15500 15502 15491 15499 15496 15492 15494 15495 15492 15490 15500 15489 15488 15490 15492 15490 15492 15491 15490 15492 15495 15498 15492 15493 15492 15493 15492 15497 15492 15493 15492 15486 15492 15490 15484 15486 15494 15497 15488 15398 15014 14557 14540 14398 14116 14337 14570 14647 14646 14618 14596 14815 14788 14884 15106 15204 15350 15309 15318 15362 15414 15438 15430 15456 15416 15443 15446 15459 15468 15470 15468 15469 15452 15406 15438 15442 15436 15446 15424 15426 15426 15444 15442 15457 15464 15451 15472 15469 15470 15471 15480 15485 15486 15486 15486 15497 15488 15496 15492 15468 15356 15442 15444 15477 15492 15488 15492 15490 15492 15490 15488 15489 15488 15488 15490 15489 15496 15489 15492 15491 
Extracted Pulses: 

Pulse Channel = 3 EventN = 23
Pulse Time: 2018/05/10/11:33:34.2270630540
Pulse Start 39
Pulse Len 53
Pulse Baseline 15490
Pulse BaselineV 0
Pulse SampleSum 15019
Pulse SampleTime 2 ns
Pulse Energy 15016
Pulse Extrema 0
Pulse Positive  0
Pulse ADC Samples: 15398 15014 14557 14540 14398 14116 14337 14570 14647 14646 14618 14596 14815 14788 14884 15106 15204 15350 15309 15318 15362 15414 15438 15430 15456 15416 15443 15446 15459 15468 15470 15468 15469 15452 15406 15438 15442 15436 15446 15424 15426 15426 15444 15442 15457 15464 15451 15472 15469 15470 15471 15480 15485 
Pulse ADC Voltages: 7697.13 7505.13 7276.63 7268.13 7197.13 7056.13 7166.63 7283.13 7321.63 7321.13 7307.13 7296.13 7405.63 7392.13 7440.13 7551.13 7600.13 7673.13 7652.63 7657.13 7679.13 7705.13 7717.13 7713.13 7726.13 7706.13 7719.63 7721.13 7727.63 7732.13 7733.13 7732.13 7732.63 7724.13 7701.13 7717.13 7719.13 7716.13 7721.13 7710.13 7711.13 7711.13 7720.13 7719.13 7726.63 7730.13 7723.63 7734.13 7732.63 7733.13 7733.63 7738.13 7740.63 

Pulse Channel = 2 EventN = 19
Pulse Time: 2018/05/10/11:33:34.2270630580
Pulse Start 41
Pulse Len 26
Pulse Baseline 15630
Pulse BaselineV 0
Pulse SampleSum 14090
Pulse SampleTime 2 ns
Pulse Energy 14088
Pulse Extrema 0
Pulse Positive  0
Pulse ADC Samples: 15534 15068 14197 13855 13487 13699 14494 15062 14882 14787 14862 15420 15351 15311 15301 15332 15540 15522 15538 15538 15614 15587 15544 15581 15594 15590 
Pulse ADC Voltages: 7765.13 7532.13 7096.63 6925.63 6741.63 6847.63 7245.13 7529.13 7439.13 7391.63 7429.13 7708.13 7673.63 7653.63 7648.63 7664.13 7768.13 7759.13 7767.13 7767.13 7805.13 7791.63 7770.13 7788.63 7795.13 7793.13 

Pulse Channel = 2 EventN = 20
Pulse Time: 2018/05/10/11:33:34.2270631120
Pulse Start 68
Pulse Len 3
Pulse Baseline 15630
Pulse BaselineV 0
Pulse SampleSum 204
Pulse SampleTime 2 ns
Pulse Energy 214
Pulse Extrema 0
Pulse Positive  0
Pulse ADC Samples: 15585 15512 15589 
Pulse ADC Voltages: 7790.63 7754.13 7792.63 

Pulse Channel = 2 EventN = 21
Pulse Time: 2018/05/10/11:33:34.2270631200
Pulse Start 72
Pulse Len 3
Pulse Baseline 15630
Pulse BaselineV 0
Pulse SampleSum 46
Pulse SampleTime 2 ns
Pulse Energy 47
Pulse Extrema 0
Pulse Positive  0
Pulse ADC Samples: 15607 15612 15625 
Pulse ADC Voltages: 7801.63 7804.13 7810.63 

Pulse Channel = 2 EventN = 22
Pulse Time: 2018/05/10/11:33:34.2270631340
Pulse Start 79
Pulse Len 2
Pulse Baseline 15627
Pulse BaselineV 0
Pulse SampleSum 33
Pulse SampleTime 2 ns
Pulse Energy 35
Pulse Extrema 0
Pulse Positive  0
Pulse ADC Samples: 15604 15617 
Pulse ADC Voltages: 7800.13 7806.63 

Pulse Channel = 3 EventN = 24
Pulse Time: 2018/05/10/11:33:34.2270631740
Pulse Start 99
Pulse Len 5
Pulse Baseline 15491
Pulse BaselineV 0
Pulse SampleSum 268
Pulse SampleTime 2 ns
Pulse Energy 269
Pulse Extrema 0
Pulse Positive  0
Pulse ADC Samples: 15468 15356 15442 15444 15477 
Pulse ADC Voltages: 7732.13 7676.13 7719.13 7720.13 7736.63 

