EventN: 0
Time: 2018/05/10/11:33:30.8187579040
EventTS: 1245243613
CrateEventPos: 0
MergedEvents: 0
ADC Samples: 
Ch 0 : 15801 15806 15803 15806 15809 15797 15803 15797 15794 15804 15799 15805 15805 15810 15801 15811 15804 15800 15805 15806 15804 15805 15809 15809 15803 15808 15801 15801 15801 15800 15795 15804 15802 15807 15803 15797 15800 15800 15809 15798 15802 15805 15805 15798 15808 15800 15796 15794 15806 15804 15806 15808 15808 15806 15805 15803 15806 15804 15802 15802 15802 15791 15799 15804 15803 15802 15802 15806 15796 15796 15809 15800 15805 15807 15803 15804 15805 15804 15803 15805 15799 15808 15798 15809 15803 15796 15802 15805 15806 15807 15805 15796 15797 15809 15800 15806 15799 15799 15807 15808 15810 15804 15802 15806 15806 15811 15806 15807 15801 15804 15805 15807 15796 15805 15798 15807 15800 15803 15805 15803 
Ch 1 : 15737 15749 15743 15745 15746 15745 15750 15748 15747 15752 15747 15743 15739 15747 15743 15739 15743 15737 15743 15740 15741 15741 15742 15741 15737 15742 15742 15748 15743 15737 15745 15742 15744 15746 15745 15746 15746 15746 15747 15747 15743 15741 15741 15744 15743 15735 15740 15742 15737 15741 15742 15741 15742 15741 15743 15742 15742 15745 15738 15745 15743 15743 15736 15743 15746 15740 15742 15741 15742 15742 15742 15739 15740 15746 15740 15742 15744 15740 15745 15741 15743 15740 15743 15748 15746 15743 15744 15741 15745 15744 15743 15743 15747 15751 15736 15741 15743 15738 15740 15744 15746 15745 15747 15744 15746 15744 15746 15743 15743 15742 15746 15745 15744 15748 15743 15741 15747 15742 15740 15741 
Ch 2 : 15630 15620 15631 15625 15635 15629 15630 15629 15634 15637 15635 15630 15632 15633 15635 15635 15636 15633 15632 15632 15631 15628 15628 15630 15629 15628 15635 15633 15630 15628 15629 15614 15622 15637 15628 15624 15580 15254 14388 12904 12437 12964 13270 14049 14382 14729 15012 14983 15175 15122 15156 15360 15255 15309 15509 15521 15524 15534 15477 15462 15571 15593 15574 15577 15614 15579 15590 15635 15613 15600 15623 15617 15603 15618 15631 15600 15622 15627 15612 15627 15628 15618 15620 15632 15630 15624 15623 15631 15630 15633 15629 15621 15628 15634 15625 15627 15626 15620 15624 15630 15628 15622 15623 15624 15620 15628 15634 15623 15615 15591 15618 15634 15623 15630 15625 15635 15623 15625 15634 15625 
Ch 3 : 15496 15491 15492 15492 15494 15494 15496 15488 15487 15485 15494 15488 15494 15499 15500 15497 15496 15497 15496 15496 15500 15500 15500 15504 15496 15497 15496 15490 15494 15493 15496 15490 15496 15499 15498 15426 15004 14996 14352 14110 14183 14179 14356 14551 14640 14749 14994 15040 15068 15100 15126 15182 14987 15142 15278 15394 15404 15452 15438 15369 15420 15429 15456 15465 15468 15469 15468 15476 15468 15412 15424 15435 15436 15372 15387 15404 15414 15369 15336 15405 15440 15461 15435 15460 15470 15474 15474 15474 15476 15491 15491 15488 15500 15492 15496 15495 15492 15497 15496 15496 15496 15490 15492 15496 15438 15429 15464 15470 15480 15485 15494 15491 15486 15496 15492 15491 15494 15495 15496 15497 
Extracted Pulses: 

Pulse Channel = 3 EventN = 5
Pulse Time: 2018/05/10/11:33:30.8187579740
Pulse Start 35
Pulse Len 55
Pulse Baseline 15495
Pulse BaselineV 0
Pulse SampleSum 15537
Pulse SampleTime 2 ns
Pulse Energy 15536
Pulse Extrema 0
Pulse Positive  0
Pulse ADC Samples: 15426 15004 14996 14352 14110 14183 14179 14356 14551 14640 14749 14994 15040 15068 15100 15126 15182 14987 15142 15278 15394 15404 15452 15438 15369 15420 15429 15456 15465 15468 15469 15468 15476 15468 15412 15424 15435 15436 15372 15387 15404 15414 15369 15336 15405 15440 15461 15435 15460 15470 15474 15474 15474 15476 15491 
Pulse ADC Voltages: 7711.13 7500.13 7496.13 7174.13 7053.13 7089.63 7087.63 7176.13 7273.63 7318.13 7372.63 7495.13 7518.13 7532.13 7548.13 7561.13 7589.13 7491.63 7569.13 7637.13 7695.13 7700.13 7724.13 7717.13 7682.63 7708.13 7712.63 7726.13 7730.63 7732.13 7732.63 7732.13 7736.13 7732.13 7704.13 7710.13 7715.63 7716.13 7684.13 7691.63 7700.13 7705.13 7682.63 7666.13 7700.63 7718.13 7728.63 7715.63 7728.13 7733.13 7735.13 7735.13 7735.13 7736.13 7743.63 

Pulse Channel = 2 EventN = 0
Pulse Time: 2018/05/10/11:33:30.8187579760
Pulse Start 36
Pulse Len 31
Pulse Baseline 15628
Pulse BaselineV 0
Pulse SampleSum 21014
Pulse SampleTime 2 ns
Pulse Energy 21015
Pulse Extrema 0
Pulse Positive  0
Pulse ADC Samples: 15580 15254 14388 12904 12437 12964 13270 14049 14382 14729 15012 14983 15175 15122 15156 15360 15255 15309 15509 15521 15524 15534 15477 15462 15571 15593 15574 15577 15614 15579 15590 
Pulse ADC Voltages: 7788.13 7625.13 7192.13 6450.13 6216.63 6480.13 6633.13 7022.63 7189.13 7362.63 7504.13 7489.63 7585.63 7559.13 7576.13 7678.13 7625.63 7652.63 7752.63 7758.63 7760.13 7765.13 7736.63 7729.13 7783.63 7794.63 7785.13 7786.63 7805.13 7787.63 7793.13 

Pulse Channel = 2 EventN = 1
Pulse Time: 2018/05/10/11:33:30.8187580420
Pulse Start 69
Pulse Len 2
Pulse Baseline 15626
Pulse BaselineV 0
Pulse SampleSum 29
Pulse SampleTime 2 ns
Pulse Energy 18
Pulse Extrema 0
Pulse Positive  0
Pulse ADC Samples: 15600 15623 
Pulse ADC Voltages: 7798.13 7809.63 

Pulse Channel = 2 EventN = 2
Pulse Time: 2018/05/10/11:33:30.8187580480
Pulse Start 72
Pulse Len 2
Pulse Baseline 15624
Pulse BaselineV 0
Pulse SampleSum 27
Pulse SampleTime 2 ns
Pulse Energy 27
Pulse Extrema 0
Pulse Positive  0
Pulse ADC Samples: 15603 15618 
Pulse ADC Voltages: 7799.63 7807.13 

Pulse Channel = 2 EventN = 3
Pulse Time: 2018/05/10/11:33:30.8187580540
Pulse Start 75
Pulse Len 2
Pulse Baseline 15624
Pulse BaselineV 0
Pulse SampleSum 26
Pulse SampleTime 2 ns
Pulse Energy 31
Pulse Extrema 0
Pulse Positive  0
Pulse ADC Samples: 15600 15622 
Pulse ADC Voltages: 7798.13 7809.13 

Pulse Channel = 3 EventN = 6
Pulse Time: 2018/05/10/11:33:30.8187581120
Pulse Start 104
Pulse Len 7
Pulse Baseline 15495
Pulse BaselineV 0
Pulse SampleSum 205
Pulse SampleTime 2 ns
Pulse Energy 203
Pulse Extrema 0
Pulse Positive  0
Pulse ADC Samples: 15438 15429 15464 15470 15480 15485 15494 
Pulse ADC Voltages: 7717.13 7712.63 7730.13 7733.13 7738.13 7740.63 7745.13 

Pulse Channel = 2 EventN = 4
Pulse Time: 2018/05/10/11:33:30.8187581220
Pulse Start 109
Pulse Len 2
Pulse Baseline 15625
Pulse BaselineV 0
Pulse SampleSum 41
Pulse SampleTime 2 ns
Pulse Energy 40
Pulse Extrema 0
Pulse Positive  0
Pulse ADC Samples: 15591 15618 
Pulse ADC Voltages: 7793.63 7807.13 

