EventN: 9
Time: 2018/05/10/11:33:35.9527989280
EventTS: 1886998741
CrateEventPos: 0
MergedEvents: 0
ADC Samples: 
Ch 0 : 15806 15802 15800 15792 15804 15798 15801 15805 15804 15804 15802 15798 15806 15804 15795 15803 15807 15796 15807 15802 15804 15798 15797 15793 15802 15800 15805 15798 15807 15802 15802 15798 15808 15808 15802 15803 15802 15774 14878 13037 11450 11377 12406 12595 12971 13680 13889 14242 14774 15092 15199 15408 15541 15596 15635 15675 15679 15576 15599 15666 15698 15709 15498 15453 15596 15660 15699 15712 15720 15708 15697 15683 15692 15693 15703 15709 15718 15741 15766 15764 15756 15756 15766 15769 15773 15778 15781 15777 15788 15793 15796 15794 15794 15789 15793 15805 15801 15804 15804 15795 15802 15808 15805 15797 15792 15804 15806 15807 15806 15806 15810 15808 15807 15807 15807 15807 15809 15809 15810 15805 
Ch 1 : 15747 15743 15741 15738 15749 15738 15743 15742 15740 15742 15744 15738 15743 15739 15737 15748 15741 15745 15743 15740 15742 15739 15742 15743 15743 15743 15745 15738 15743 15740 15743 15742 15743 15741 15744 15735 15741 15688 14860 12948 12924 13896 13974 13480 14108 14071 14906 14838 14717 14436 14753 15108 15199 15289 15006 15300 15428 15418 15447 15508 15578 15576 15583 15502 15541 15558 15593 15594 15614 15624 15657 15774 15992 16053 15998 15958 16012 15984 15970 15893 15945 15960 15967 15937 15919 15885 15875 15864 15856 15851 15853 15834 15823 15814 15811 15811 15819 15815 15821 15802 15802 15801 15795 15789 15775 15745 15727 15732 15731 15727 15723 15724 15722 15726 15712 15718 15712 15718 15712 15722 
Ch 2 : 15632 15630 15631 15635 15629 15625 15629 15630 15631 15630 15628 15629 15631 15630 15625 15624 15622 15633 15631 15624 15626 15626 15627 15634 15632 15630 15628 15630 15629 15634 15635 15628 15624 15625 15630 15628 15630 15629 15626 15635 15635 15634 15484 14780 13787 13557 13642 13664 13793 13865 14107 14143 14754 15430 15124 15199 15186 15347 15348 15425 15501 15486 15524 15524 15490 15473 15469 15518 15524 15589 15580 15586 15640 15602 15600 15615 15620 15603 15623 15630 15615 15622 15631 15618 15618 15622 15622 15620 15624 15626 15619 15629 15630 15620 15619 15620 15622 15621 15629 15619 15622 15625 15623 15616 15618 15624 15622 15622 15623 15628 15629 15628 15621 15630 15627 15630 15623 15626 15624 15630 
Ch 3 : 15488 15489 15492 15492 15494 15496 15490 15492 15488 15493 15484 15492 15496 15494 15488 15491 15494 15497 15490 15491 15492 15494 15491 15490 15488 15490 15486 15489 15486 15491 15488 15486 15490 15500 15492 15490 15488 15490 15496 15496 15488 15466 15302 14706 14356 14342 14292 14231 14276 14394 14594 14739 14370 14134 14515 14684 14648 14771 15104 15197 15224 15340 15372 15298 15099 15211 15328 15397 15340 15396 15410 15452 15454 15460 15468 15467 15462 15365 15298 15362 15388 15420 15406 15413 15416 15414 15426 15432 15428 15451 15446 15451 15454 15467 15476 15490 15496 15491 15486 15484 15476 15489 15486 15478 15488 15492 15494 15495 15439 15354 15436 15459 15470 15474 15480 15492 15484 15493 15484 15470 
Extracted Pulses: 

Pulse Channel = 0 EventN = 74
Pulse Time: 2018/05/10/11:33:35.9527990020
Pulse Start 37
Pulse Len 54
Pulse Baseline 15803
Pulse BaselineV 0
Pulse SampleSum 34471
Pulse SampleTime 2 ns
Pulse Energy 34466
Pulse Extrema 0
Pulse Positive  0
Pulse ADC Samples: 15774 14878 13037 11450 11377 12406 12595 12971 13680 13889 14242 14774 15092 15199 15408 15541 15596 15635 15675 15679 15576 15599 15666 15698 15709 15498 15453 15596 15660 15699 15712 15720 15708 15697 15683 15692 15693 15703 15709 15718 15741 15766 15764 15756 15756 15766 15769 15773 15778 15781 15777 15788 15793 15796 
Pulse ADC Voltages: 7885.13 7437.13 6516.63 5723.13 5686.63 6201.13 6295.63 6483.63 6838.13 6942.63 7119.13 7385.13 7544.13 7597.63 7702.13 7768.63 7796.13 7815.63 7835.63 7837.63 7786.13 7797.63 7831.13 7847.13 7852.63 7747.13 7724.63 7796.13 7828.13 7847.63 7854.13 7858.13 7852.13 7846.63 7839.63 7844.13 7844.63 7849.63 7852.63 7857.13 7868.63 7881.13 7880.13 7876.13 7876.13 7881.13 7882.63 7884.63 7887.13 7888.63 7886.63 7892.13 7894.63 7896.13 

Pulse Channel = 1 EventN = 75
Pulse Time: 2018/05/10/11:33:35.9527990020
Pulse Start 37
Pulse Len 34
Pulse Baseline 15741
Pulse BaselineV 0
Pulse SampleSum 26472
Pulse SampleTime 2 ns
Pulse Energy 26488
Pulse Extrema 0
Pulse Positive  0
Pulse ADC Samples: 15688 14860 12948 12924 13896 13974 13480 14108 14071 14906 14838 14717 14436 14753 15108 15199 15289 15006 15300 15428 15418 15447 15508 15578 15576 15583 15502 15541 15558 15593 15594 15614 15624 15657 
Pulse ADC Voltages: 7842.13 7428.13 6472.13 6460.13 6946.13 6985.13 6738.13 7052.13 7033.63 7451.13 7417.13 7356.63 7216.13 7374.63 7552.13 7597.63 7642.63 7501.13 7648.13 7712.13 7707.13 7721.63 7752.13 7787.13 7786.13 7789.63 7749.13 7768.63 7777.13 7794.63 7795.13 7805.13 7810.13 7826.63 

Pulse Channel = 3 EventN = 80
Pulse Time: 2018/05/10/11:33:35.9527990100
Pulse Start 41
Pulse Len 55
Pulse Baseline 15492
Pulse BaselineV 0
Pulse SampleSum 19758
Pulse SampleTime 2 ns
Pulse Energy 19758
Pulse Extrema 0
Pulse Positive  0
Pulse ADC Samples: 15466 15302 14706 14356 14342 14292 14231 14276 14394 14594 14739 14370 14134 14515 14684 14648 14771 15104 15197 15224 15340 15372 15298 15099 15211 15328 15397 15340 15396 15410 15452 15454 15460 15468 15467 15462 15365 15298 15362 15388 15420 15406 15413 15416 15414 15426 15432 15428 15451 15446 15451 15454 15467 15476 15490 
Pulse ADC Voltages: 7731.13 7649.13 7351.13 7176.13 7169.13 7144.13 7113.63 7136.13 7195.13 7295.13 7367.63 7183.13 7065.13 7255.63 7340.13 7322.13 7383.63 7550.13 7596.63 7610.13 7668.13 7684.13 7647.13 7547.63 7603.63 7662.13 7696.63 7668.13 7696.13 7703.13 7724.13 7725.13 7728.13 7732.13 7731.63 7729.13 7680.63 7647.13 7679.13 7692.13 7708.13 7701.13 7704.63 7706.13 7705.13 7711.13 7714.13 7712.13 7723.63 7721.13 7723.63 7725.13 7731.63 7736.13 7743.13 

Pulse Channel = 2 EventN = 78
Pulse Time: 2018/05/10/11:33:35.9527990120
Pulse Start 42
Pulse Len 30
Pulse Baseline 15630
Pulse BaselineV 0
Pulse SampleSum 20001
Pulse SampleTime 2 ns
Pulse Energy 20008
Pulse Extrema 0
Pulse Positive  0
Pulse ADC Samples: 15484 14780 13787 13557 13642 13664 13793 13865 14107 14143 14754 15430 15124 15199 15186 15347 15348 15425 15501 15486 15524 15524 15490 15473 15469 15518 15524 15589 15580 15586 
Pulse ADC Voltages: 7740.13 7388.13 6891.63 6776.63 6819.13 6830.13 6894.63 6930.63 7051.63 7069.63 7375.13 7713.13 7560.13 7597.63 7591.13 7671.63 7672.13 7710.63 7748.63 7741.13 7760.13 7760.13 7743.13 7734.63 7732.63 7757.13 7760.13 7792.63 7788.13 7791.13 

Pulse Channel = 2 EventN = 79
Pulse Time: 2018/05/10/11:33:35.9527990740
Pulse Start 73
Pulse Len 6
Pulse Baseline 15630
Pulse BaselineV 0
Pulse SampleSum 117
Pulse SampleTime 2 ns
Pulse Energy 122
Pulse Extrema 0
Pulse Positive  0
Pulse ADC Samples: 15602 15600 15615 15620 15603 15623 
Pulse ADC Voltages: 7799.13 7798.13 7805.63 7808.13 7799.63 7809.63 

Pulse Channel = 1 EventN = 76
Pulse Time: 2018/05/10/11:33:35.9527990860
Pulse Start 79
Pulse Len 1
Pulse Baseline 15919
Pulse BaselineV 0
Pulse SampleSum 26
Pulse SampleTime 2 ns
Pulse Energy 64
Pulse Extrema 0
Pulse Positive  0
Pulse ADC Samples: 15893 
Pulse ADC Voltages: 7944.63 

Pulse Channel = 1 EventN = 77
Pulse Time: 2018/05/10/11:33:35.9527990940
Pulse Start 83
Pulse Len 37
Pulse Baseline 15964
Pulse BaselineV 0
Pulse SampleSum 6465
Pulse SampleTime 2 ns
Pulse Energy 6345
Pulse Extrema 0
Pulse Positive  0
Pulse ADC Samples: 15937 15919 15885 15875 15864 15856 15851 15853 15834 15823 15814 15811 15811 15819 15815 15821 15802 15802 15801 15795 15789 15775 15745 15727 15732 15731 15727 15723 15724 15722 15726 15712 15718 15712 15718 15712 15722 
Pulse ADC Voltages: 7966.63 7957.63 7940.63 7935.63 7930.13 7926.13 7923.63 7924.63 7915.13 7909.63 7905.13 7903.63 7903.63 7907.63 7905.63 7908.63 7899.13 7899.13 7898.63 7895.63 7892.63 7885.63 7870.63 7861.63 7864.13 7863.63 7861.63 7859.63 7860.13 7859.13 7861.13 7854.13 7857.13 7854.13 7857.13 7854.13 7859.13 

Pulse Channel = 3 EventN = 81
Pulse Time: 2018/05/10/11:33:35.9527991440
Pulse Start 108
Pulse Len 7
Pulse Baseline 15487
Pulse BaselineV 0
Pulse SampleSum 297
Pulse SampleTime 2 ns
Pulse Energy 303
Pulse Extrema 0
Pulse Positive  0
Pulse ADC Samples: 15439 15354 15436 15459 15470 15474 15480 
Pulse ADC Voltages: 7717.63 7675.13 7716.13 7727.63 7733.13 7735.13 7738.13 

