EventN: 5
Time: 2018/05/10/11:33:34.8476833600
EventTS: 1748859295
CrateEventPos: 1
MergedEvents: 0
ADC Samples: 
Ch 0 : 15798 15805 15806 15807 15815 15812 15808 15799 15803 15806 15795 15797 15804 15805 15800 15804 15811 15810 15807 15808 15797 15806 15802 15797 15801 15804 15803 15805 15803 15805 15801 15806 15805 15806 15806 15804 15802 15798 15803 15811 15804 15806 15806 15810 15806 15811 15801 15804 15800 15804 15806 15802 15805 15795 15808 15805 15809 15810 15807 15803 15799 15794 15805 15801 15799 15796 15799 15794 15805 15809 15801 15806 15802 15806 15808 15802 15810 15809 15809 15800 15794 15796 15804 15802 15807 15807 15807 15811 15808 15810 15809 15799 15795 15804 15803 15802 15808 15794 15808 15805 15805 15807 15808 15805 15806 15811 15798 15805 15806 15799 15794 15795 15800 15798 15799 15806 15804 15807 15800 15805 
Ch 1 : 15742 15744 15748 15747 15745 15746 15739 15738 15741 15735 15740 15740 15741 15743 15748 15741 15744 15742 15744 15743 15744 15739 15740 15739 15735 15743 15728 15742 15743 15740 15736 15747 15754 15743 15746 15744 15736 15732 15729 15741 15740 15735 15746 15747 15745 15747 15743 15735 15745 15736 15740 15733 15732 15743 15740 15740 15748 15737 15748 15746 15742 15741 15742 15743 15734 15742 15739 15742 15738 15740 15739 15738 15743 15738 15746 15750 15742 15746 15746 15747 15735 15741 15746 15740 15743 15744 15745 15738 15745 15739 15742 15737 15734 15747 15744 15734 15737 15738 15748 15740 15742 15752 15740 15737 15739 15739 15740 15742 15740 15747 15736 15743 15749 15746 15740 15743 15738 15743 15738 15739 
Ch 2 : 15624 15634 15641 15630 15628 15630 15625 15627 15630 15624 15628 15636 15635 15636 15634 15632 15625 15627 15633 15628 15619 15625 15629 15630 15628 15630 15635 15636 15641 15644 15638 15640 15632 15630 15628 15551 15148 14583 14317 13734 13886 13742 14130 14373 14550 14504 14857 14989 15197 15189 15338 15487 15399 15290 15232 15443 15494 15531 15523 15532 15604 15590 15581 15608 15582 15611 15625 15616 15604 15622 15620 15614 15619 15622 15618 15630 15636 15626 15623 15630 15627 15627 15625 15623 15619 15623 15628 15627 15623 15618 15607 15557 15282 15438 15679 15588 15612 15602 15669 15606 15572 15638 15600 15588 15652 15629 15607 15644 15650 15618 15634 15639 15621 15630 15636 15620 15614 15638 15623 15614 
Ch 3 : 15496 15496 15495 15493 15484 15486 15487 15492 15492 15488 15492 15496 15500 15506 15502 15491 15496 15491 15496 15494 15496 15489 15494 15497 15500 15502 15500 15499 15484 15483 15478 15477 15484 15472 15292 14950 14680 14529 14376 14248 14552 14746 14776 14788 14862 14958 15086 15165 15160 15155 15246 15261 15083 15065 15070 15222 15192 15315 15203 15297 15303 15383 15428 15461 15456 15462 15400 15444 15452 15462 15448 15446 15406 15428 15396 15331 15370 15404 15436 15453 15470 15502 15486 15486 15476 15479 15484 15474 15476 15474 15480 15488 15476 15472 15468 15473 15486 15492 15506 15511 15510 15494 15488 15475 15488 15491 15488 15495 15495 15492 15488 15484 15499 15493 15498 15510 15512 15520 15508 15503 
Extracted Pulses: 

Pulse Channel = 3 EventN = 42
Pulse Time: 2018/05/10/11:33:34.8476834280
Pulse Start 34
Pulse Len 47
Pulse Baseline 15488
Pulse BaselineV 0
Pulse SampleSum 14820
Pulse SampleTime 2 ns
Pulse Energy 14819
Pulse Extrema 0
Pulse Positive  0
Pulse ADC Samples: 15292 14950 14680 14529 14376 14248 14552 14746 14776 14788 14862 14958 15086 15165 15160 15155 15246 15261 15083 15065 15070 15222 15192 15315 15203 15297 15303 15383 15428 15461 15456 15462 15400 15444 15452 15462 15448 15446 15406 15428 15396 15331 15370 15404 15436 15453 15470 
Pulse ADC Voltages: 7644.13 7473.13 7338.13 7262.63 7186.13 7122.13 7274.13 7371.13 7386.13 7392.13 7429.13 7477.13 7541.13 7580.63 7578.13 7575.63 7621.13 7628.63 7539.63 7530.63 7533.13 7609.13 7594.13 7655.63 7599.63 7646.63 7649.63 7689.63 7712.13 7728.63 7726.13 7729.13 7698.13 7720.13 7724.13 7729.13 7722.13 7721.13 7701.13 7712.13 7696.13 7663.63 7683.13 7700.13 7716.13 7724.63 7733.13 

Pulse Channel = 2 EventN = 37
Pulse Time: 2018/05/10/11:33:34.8476834300
Pulse Start 35
Pulse Len 41
Pulse Baseline 15635
Pulse BaselineV 0
Pulse SampleSum 18250
Pulse SampleTime 2 ns
Pulse Energy 18247
Pulse Extrema 0
Pulse Positive  0
Pulse ADC Samples: 15551 15148 14583 14317 13734 13886 13742 14130 14373 14550 14504 14857 14989 15197 15189 15338 15487 15399 15290 15232 15443 15494 15531 15523 15532 15604 15590 15581 15608 15582 15611 15625 15616 15604 15622 15620 15614 15619 15622 15618 15630 
Pulse ADC Voltages: 7773.63 7572.13 7289.63 7156.63 6865.13 6941.13 6869.13 7063.13 7184.63 7273.13 7250.13 7426.63 7492.63 7596.63 7592.63 7667.13 7741.63 7697.63 7643.13 7614.13 7719.63 7745.13 7763.63 7759.63 7764.13 7800.13 7793.13 7788.63 7802.13 7789.13 7803.63 7810.63 7806.13 7800.13 7809.13 7808.13 7805.13 7807.63 7809.13 7807.13 7813.13 

Pulse Channel = 2 EventN = 38
Pulse Time: 2018/05/10/11:33:34.8476835420
Pulse Start 91
Pulse Len 3
Pulse Baseline 15622
Pulse BaselineV 0
Pulse SampleSum 589
Pulse SampleTime 2 ns
Pulse Energy 610
Pulse Extrema 0
Pulse Positive  0
Pulse ADC Samples: 15557 15282 15438 
Pulse ADC Voltages: 7776.63 7639.13 7717.13 

Pulse Channel = 2 EventN = 39
Pulse Time: 2018/05/10/11:33:34.8476835500
Pulse Start 95
Pulse Len 3
Pulse Baseline 15622
Pulse BaselineV 0
Pulse SampleSum 64
Pulse SampleTime 2 ns
Pulse Energy 116
Pulse Extrema 0
Pulse Positive  0
Pulse ADC Samples: 15588 15612 15602 
Pulse ADC Voltages: 7792.13 7804.13 7799.13 

Pulse Channel = 2 EventN = 40
Pulse Time: 2018/05/10/11:33:34.8476835600
Pulse Start 100
Pulse Len 1
Pulse Baseline 15620
Pulse BaselineV 0
Pulse SampleSum 48
Pulse SampleTime 2 ns
Pulse Energy 50
Pulse Extrema 0
Pulse Positive  0
Pulse ADC Samples: 15572 
Pulse ADC Voltages: 7784.13 

Pulse Channel = 2 EventN = 41
Pulse Time: 2018/05/10/11:33:34.8476835660
Pulse Start 103
Pulse Len 1
Pulse Baseline 15617
Pulse BaselineV 0
Pulse SampleSum 29
Pulse SampleTime 2 ns
Pulse Energy 38
Pulse Extrema 0
Pulse Positive  0
Pulse ADC Samples: 15588 
Pulse ADC Voltages: 7792.13 

