EventN: 4
Time: 2018/05/10/11:33:34.5990552480
EventTS: 1717780781
CrateEventPos: 0
MergedEvents: 0
ADC Samples: 
Ch 0 : 15807 15799 15803 15804 15808 15803 15794 15796 15801 15795 15800 15800 15803 15803 15804 15810 15805 15806 15795 15803 15803 15794 15800 15801 15798 15791 15807 15805 15806 15805 15808 15806 15771 15578 15395 15139 15083 14611 14728 14957 15161 15411 15443 15395 15495 15593 15594 15675 15713 15746 15755 15598 15489 15603 15694 15733 15762 15772 15777 15774 15789 15778 15784 15769 15780 15764 15776 15765 15772 15765 15775 15778 15786 15780 15795 15792 15790 15790 15794 15788 15791 15790 15794 15785 15792 15803 15798 15798 15796 15798 15806 15804 15795 15802 15794 15804 15802 15799 15798 15803 15795 15802 15804 15802 15802 15794 15808 15795 15682 15671 15737 15769 15786 15789 15797 15788 15794 15795 15810 15783 
Ch 1 : 15745 15747 15737 15747 15735 15742 15733 15744 15738 15741 15739 15745 15744 15744 15734 15747 15744 15747 15736 15740 15730 15737 15738 15736 15743 15742 15744 15748 15743 15745 15745 15745 15693 14882 14936 14495 13988 14819 14760 14776 14996 14907 14847 15269 15349 15290 15512 15327 15374 15494 15511 15550 15605 15617 15613 15639 15637 15646 15657 15641 15655 15644 15683 15661 15681 15694 15779 15811 15882 15935 15890 15870 15877 15846 15887 15885 15857 15849 15843 15806 15836 15819 15814 15811 15794 15798 15794 15786 15788 15789 15774 15780 15779 15781 15773 15772 15777 15773 15772 15759 15753 15741 15730 15729 15731 15734 15735 15732 15730 15726 15726 15731 15732 15725 15733 15729 15724 15735 15728 15732 
Ch 2 : 15620 15634 15636 15637 15632 15640 15639 15643 15631 15626 15622 15621 15623 15628 15622 15626 15629 15637 15630 15633 15636 15634 15632 15634 15625 15625 15625 15625 15626 15625 15627 15628 15626 15620 15629 15631 15546 14980 13684 13037 12444 12931 14091 14086 14419 14983 15472 15342 15087 15297 15356 15146 15394 15541 15472 15559 15644 15553 15515 15600 15580 15553 15605 15605 15578 15637 15620 15505 15428 15619 15617 15615 15625 15606 15563 15532 15571 15591 15597 15613 15621 15606 15618 15622 15618 15618 15628 15622 15622 15636 15619 15598 15550 15454 15506 15614 15605 15599 15614 15642 15617 15614 15636 15617 15621 15638 15631 15615 15626 15632 15614 15626 15621 15615 15623 15629 15625 15621 15626 15631 
Ch 3 : 15492 15491 15496 15497 15496 15499 15494 15490 15495 15492 15484 15488 15486 15489 15490 15499 15508 15502 15500 15492 15492 15488 15488 15486 15486 15483 15484 15484 15492 15491 15492 15501 15494 15490 15494 15438 15260 15079 14690 14366 14216 14338 14296 14390 14343 14298 14564 14610 14724 14948 15036 15089 15252 15325 15400 15392 15334 15334 15380 15425 15426 15444 15454 15461 15460 15469 15472 15434 15432 15457 15462 15459 15462 15446 15432 15434 15384 15357 15404 15422 15435 15455 15358 15374 15410 15461 15456 15476 15476 15476 15478 15472 15484 15491 15488 15490 15496 15492 15494 15500 15496 15497 15494 15397 15392 15447 15476 15478 15488 15488 15492 15491 15492 15492 15486 15487 15486 15488 15483 15480 
Extracted Pulses: 

Pulse Channel = 0 EventN = 25
Pulse Time: 2018/05/10/11:33:34.5990553120
Pulse Start 32
Pulse Len 43
Pulse Baseline 15803
Pulse BaselineV 0
Pulse SampleSum 9428
Pulse SampleTime 2 ns
Pulse Energy 9424
Pulse Extrema 0
Pulse Positive  0
Pulse ADC Samples: 15771 15578 15395 15139 15083 14611 14728 14957 15161 15411 15443 15395 15495 15593 15594 15675 15713 15746 15755 15598 15489 15603 15694 15733 15762 15772 15777 15774 15789 15778 15784 15769 15780 15764 15776 15765 15772 15765 15775 15778 15786 15780 15795 
Pulse ADC Voltages: 7883.63 7787.13 7695.63 7567.63 7539.63 7303.63 7362.13 7476.63 7578.63 7703.63 7719.63 7695.63 7745.63 7794.63 7795.13 7835.63 7854.63 7871.13 7875.63 7797.13 7742.63 7799.63 7845.13 7864.63 7879.13 7884.13 7886.63 7885.13 7892.63 7887.13 7890.13 7882.63 7888.13 7880.13 7886.13 7880.63 7884.13 7880.63 7885.63 7887.13 7891.13 7888.13 7895.63 

Pulse Channel = 1 EventN = 27
Pulse Time: 2018/05/10/11:33:34.5990553120
Pulse Start 32
Pulse Len 34
Pulse Baseline 15743
Pulse BaselineV 0
Pulse SampleSum 14414
Pulse SampleTime 2 ns
Pulse Energy 14433
Pulse Extrema 0
Pulse Positive  0
Pulse ADC Samples: 15693 14882 14936 14495 13988 14819 14760 14776 14996 14907 14847 15269 15349 15290 15512 15327 15374 15494 15511 15550 15605 15617 15613 15639 15637 15646 15657 15641 15655 15644 15683 15661 15681 15694 
Pulse ADC Voltages: 7844.63 7439.13 7466.13 7245.63 6992.13 7407.63 7378.13 7386.13 7496.13 7451.63 7421.63 7632.63 7672.63 7643.13 7754.13 7661.63 7685.13 7745.13 7753.63 7773.13 7800.63 7806.63 7804.63 7817.63 7816.63 7821.13 7826.63 7818.63 7825.63 7820.13 7839.63 7828.63 7838.63 7845.13 

Pulse Channel = 3 EventN = 35
Pulse Time: 2018/05/10/11:33:34.5990553180
Pulse Start 35
Pulse Len 58
Pulse Baseline 15490
Pulse BaselineV 0
Pulse SampleSum 16311
Pulse SampleTime 2 ns
Pulse Energy 16313
Pulse Extrema 0
Pulse Positive  0
Pulse ADC Samples: 15438 15260 15079 14690 14366 14216 14338 14296 14390 14343 14298 14564 14610 14724 14948 15036 15089 15252 15325 15400 15392 15334 15334 15380 15425 15426 15444 15454 15461 15460 15469 15472 15434 15432 15457 15462 15459 15462 15446 15432 15434 15384 15357 15404 15422 15435 15455 15358 15374 15410 15461 15456 15476 15476 15476 15478 15472 15484 
Pulse ADC Voltages: 7717.13 7628.13 7537.63 7343.13 7181.13 7106.13 7167.13 7146.13 7193.13 7169.63 7147.13 7280.13 7303.13 7360.13 7472.13 7516.13 7542.63 7624.13 7660.63 7698.13 7694.13 7665.13 7665.13 7688.13 7710.63 7711.13 7720.13 7725.13 7728.63 7728.13 7732.63 7734.13 7715.13 7714.13 7726.63 7729.13 7727.63 7729.13 7721.13 7714.13 7715.13 7690.13 7676.63 7700.13 7709.13 7715.63 7725.63 7677.13 7685.13 7703.13 7728.63 7726.13 7736.13 7736.13 7736.13 7737.13 7734.13 7740.13 

Pulse Channel = 2 EventN = 29
Pulse Time: 2018/05/10/11:33:34.5990553200
Pulse Start 36
Pulse Len 20
Pulse Baseline 15626
Pulse BaselineV 0
Pulse SampleSum 18653
Pulse SampleTime 2 ns
Pulse Energy 18664
Pulse Extrema 0
Pulse Positive  0
Pulse ADC Samples: 15546 14980 13684 13037 12444 12931 14091 14086 14419 14983 15472 15342 15087 15297 15356 15146 15394 15541 15472 15559 
Pulse ADC Voltages: 7771.13 7488.13 6840.13 6516.63 6220.13 6463.63 7043.63 7041.13 7207.63 7489.63 7734.13 7669.13 7541.63 7646.63 7676.13 7571.13 7695.13 7768.63 7734.13 7777.63 

Pulse Channel = 2 EventN = 30
Pulse Time: 2018/05/10/11:33:34.5990553620
Pulse Start 57
Pulse Len 8
Pulse Baseline 15626
Pulse BaselineV 0
Pulse SampleSum 419
Pulse SampleTime 2 ns
Pulse Energy 433
Pulse Extrema 0
Pulse Positive  0
Pulse ADC Samples: 15553 15515 15600 15580 15553 15605 15605 15578 
Pulse ADC Voltages: 7774.63 7755.63 7798.13 7788.13 7774.63 7800.63 7800.63 7787.13 

Pulse Channel = 2 EventN = 31
Pulse Time: 2018/05/10/11:33:34.5990553820
Pulse Start 67
Pulse Len 3
Pulse Baseline 15626
Pulse BaselineV 0
Pulse SampleSum 326
Pulse SampleTime 2 ns
Pulse Energy 318
Pulse Extrema 0
Pulse Positive  0
Pulse ADC Samples: 15505 15428 15619 
Pulse ADC Voltages: 7750.63 7712.13 7807.63 

Pulse Channel = 2 EventN = 32
Pulse Time: 2018/05/10/11:33:34.5990553960
Pulse Start 74
Pulse Len 7
Pulse Baseline 15622
Pulse BaselineV 0
Pulse SampleSum 266
Pulse SampleTime 2 ns
Pulse Energy 250
Pulse Extrema 0
Pulse Positive  0
Pulse ADC Samples: 15563 15532 15571 15591 15597 15613 15621 
Pulse ADC Voltages: 7779.63 7764.13 7783.63 7793.63 7796.63 7804.63 7808.63 

Pulse Channel = 1 EventN = 28
Pulse Time: 2018/05/10/11:33:34.5990554020
Pulse Start 77
Pulse Len 43
Pulse Baseline 15874
Pulse BaselineV 0
Pulse SampleSum 4679
Pulse SampleTime 2 ns
Pulse Energy 4599
Pulse Extrema 0
Pulse Positive  0
Pulse ADC Samples: 15849 15843 15806 15836 15819 15814 15811 15794 15798 15794 15786 15788 15789 15774 15780 15779 15781 15773 15772 15777 15773 15772 15759 15753 15741 15730 15729 15731 15734 15735 15732 15730 15726 15726 15731 15732 15725 15733 15729 15724 15735 15728 15732 
Pulse ADC Voltages: 7922.63 7919.63 7901.13 7916.13 7907.63 7905.13 7903.63 7895.13 7897.13 7895.13 7891.13 7892.13 7892.63 7885.13 7888.13 7887.63 7888.63 7884.63 7884.13 7886.63 7884.63 7884.13 7877.63 7874.63 7868.63 7863.13 7862.63 7863.63 7865.13 7865.63 7864.13 7863.13 7861.13 7861.13 7863.63 7864.13 7860.63 7864.63 7862.63 7860.13 7865.63 7862.13 7864.13 

Pulse Channel = 2 EventN = 33
Pulse Time: 2018/05/10/11:33:34.5990554300
Pulse Start 91
Pulse Len 5
Pulse Baseline 15621
Pulse BaselineV 0
Pulse SampleSum 383
Pulse SampleTime 2 ns
Pulse Energy 374
Pulse Extrema 0
Pulse Positive  0
Pulse ADC Samples: 15598 15550 15454 15506 15614 
Pulse ADC Voltages: 7797.13 7773.13 7725.13 7751.13 7805.13 

Pulse Channel = 2 EventN = 34
Pulse Time: 2018/05/10/11:33:34.5990554420
Pulse Start 97
Pulse Len 2
Pulse Baseline 15621
Pulse BaselineV 0
Pulse SampleSum 29
Pulse SampleTime 2 ns
Pulse Energy 31
Pulse Extrema 0
Pulse Positive  0
Pulse ADC Samples: 15599 15614 
Pulse ADC Voltages: 7797.63 7805.13 

Pulse Channel = 3 EventN = 36
Pulse Time: 2018/05/10/11:33:34.5990554540
Pulse Start 103
Pulse Len 6
Pulse Baseline 15494
Pulse BaselineV 0
Pulse SampleSum 286
Pulse SampleTime 2 ns
Pulse Energy 283
Pulse Extrema 0
Pulse Positive  0
Pulse ADC Samples: 15397 15392 15447 15476 15478 15488 
Pulse ADC Voltages: 7696.63 7694.13 7721.63 7736.13 7737.13 7742.13 

Pulse Channel = 0 EventN = 26
Pulse Time: 2018/05/10/11:33:34.5990554640
Pulse Start 108
Pulse Len 7
Pulse Baseline 15800
Pulse BaselineV 0
Pulse SampleSum 369
Pulse SampleTime 2 ns
Pulse Energy 360
Pulse Extrema 0
Pulse Positive  0
Pulse ADC Samples: 15682 15671 15737 15769 15786 15789 15797 
Pulse ADC Voltages: 7839.13 7833.63 7866.63 7882.63 7891.13 7892.63 7896.63 

