EventN: 2
Time: 2018/05/10/11:33:32.7318560000
EventTS: 1484380875
CrateEventPos: 0
MergedEvents: 0
ADC Samples: 
Ch 0 : 15802 15808 15802 15804 15805 15809 15803 15798 15806 15804 15804 15796 15802 15812 15803 15801 15807 15804 15810 15803 15801 15804 15803 15799 15802 15808 15801 15804 15801 15803 15808 15805 15810 15806 15717 15068 14152 13271 12824 12294 12197 12614 13201 13631 13820 13977 14524 14841 14914 15246 15470 15556 15598 15629 15655 15508 15512 15619 15665 15697 15716 15720 15719 15727 15730 15733 15726 15717 15715 15704 15703 15698 15707 15720 15731 15741 15755 15755 15761 15764 15761 15764 15772 15789 15788 15780 15792 15796 15797 15795 15803 15795 15801 15795 15809 15803 15795 15803 15810 15798 15799 15805 15810 15795 15808 15808 15805 15809 15811 15808 15804 15803 15808 15798 15796 15807 15810 15804 15810 15807 
Ch 1 : 15741 15743 15746 15744 15745 15742 15743 15736 15742 15740 15743 15737 15743 15741 15743 15743 15739 15738 15740 15741 15740 15735 15745 15746 15743 15747 15742 15746 15741 15747 15743 15736 15747 15739 15026 14948 14374 14907 14931 14989 14896 14140 13770 14107 15149 15057 15182 15243 15448 15428 15317 15315 15465 15564 15578 15586 15633 15643 15637 15600 15624 15628 15620 15575 15664 15659 15656 15714 15781 15861 15845 15812 15826 15850 15924 16006 15990 15893 15871 15845 15846 15821 15841 15861 15860 15821 15807 15793 15794 15779 15784 15796 15798 15788 15776 15621 15754 15769 15772 15773 15770 15766 15744 15730 15722 15741 15731 15729 15715 15721 15716 15722 15725 15725 15731 15725 15726 15724 15724 15725 
Ch 2 : 15633 15637 15629 15627 15632 15638 15634 15635 15630 15631 15630 15634 15636 15634 15628 15634 15632 15630 15631 15625 15627 15636 15634 15636 15628 15628 15633 15631 15627 15630 15630 15636 15632 15632 15623 15627 15629 15634 15623 15536 15188 14695 14140 13130 13514 14430 14822 15045 14906 15185 15196 15068 15379 15281 15244 15432 15451 15549 15543 15589 15549 15557 15582 15574 15595 15617 15597 15537 15587 15618 15583 15603 15618 15621 15625 15617 15629 15619 15620 15635 15627 15621 15629 15626 15622 15625 15633 15624 15630 15621 15628 15623 15629 15622 15629 15630 15628 15628 15631 15622 15622 15632 15632 15624 15632 15630 15624 15630 15632 15630 15626 15622 15628 15625 15623 15628 15629 15627 15622 15622 
Ch 3 : 15492 15494 15500 15495 15499 15497 15498 15490 15494 15495 15496 15491 15492 15495 15492 15500 15492 15498 15498 15493 15492 15496 15500 15496 15500 15492 15496 15497 15496 15493 15495 15499 15500 15494 15500 15493 15496 15490 15420 15253 14899 14570 14340 14490 14618 14274 14372 14669 14908 14882 15068 15086 14884 14977 15154 15255 15318 15241 15288 15179 15232 15323 15390 15443 15450 15470 15452 15461 15464 15467 15472 15469 15474 15475 15466 15464 15448 15437 15422 15433 15426 15440 15454 15459 15468 15478 15468 15473 15486 15475 15488 15489 15488 15480 15492 15490 15484 15494 15494 15496 15488 15500 15500 15501 15498 15502 15500 15502 15504 15497 15500 15497 15494 15487 15490 15490 15496 15494 15488 15488 
Extracted Pulses: 

Pulse Channel = 0 EventN = 14
Pulse Time: 2018/05/10/11:33:32.7318560680
Pulse Start 34
Pulse Len 55
Pulse Baseline 15805
Pulse BaselineV 0
Pulse SampleSum 34494
Pulse SampleTime 2 ns
Pulse Energy 34489
Pulse Extrema 0
Pulse Positive  0
Pulse ADC Samples: 15717 15068 14152 13271 12824 12294 12197 12614 13201 13631 13820 13977 14524 14841 14914 15246 15470 15556 15598 15629 15655 15508 15512 15619 15665 15697 15716 15720 15719 15727 15730 15733 15726 15717 15715 15704 15703 15698 15707 15720 15731 15741 15755 15755 15761 15764 15761 15764 15772 15789 15788 15780 15792 15796 15797 
Pulse ADC Voltages: 7856.63 7532.13 7074.13 6633.63 6410.13 6145.13 6096.63 6305.13 6598.63 6813.63 6908.13 6986.63 7260.13 7418.63 7455.13 7621.13 7733.13 7776.13 7797.13 7812.63 7825.63 7752.13 7754.13 7807.63 7830.63 7846.63 7856.13 7858.13 7857.63 7861.63 7863.13 7864.63 7861.13 7856.63 7855.63 7850.13 7849.63 7847.13 7851.63 7858.13 7863.63 7868.63 7875.63 7875.63 7878.63 7880.13 7878.63 7880.13 7884.13 7892.63 7892.13 7888.13 7894.13 7896.13 7896.63 

Pulse Channel = 1 EventN = 15
Pulse Time: 2018/05/10/11:33:32.7318560680
Pulse Start 34
Pulse Len 34
Pulse Baseline 15743
Pulse BaselineV 0
Pulse SampleSum 17189
Pulse SampleTime 2 ns
Pulse Energy 17206
Pulse Extrema 0
Pulse Positive  0
Pulse ADC Samples: 15026 14948 14374 14907 14931 14989 14896 14140 13770 14107 15149 15057 15182 15243 15448 15428 15317 15315 15465 15564 15578 15586 15633 15643 15637 15600 15624 15628 15620 15575 15664 15659 15656 15714 
Pulse ADC Voltages: 7511.13 7472.13 7185.13 7451.63 7463.63 7492.63 7446.13 7068.13 6883.13 7051.63 7572.63 7526.63 7589.13 7619.63 7722.13 7712.13 7656.63 7655.63 7730.63 7780.13 7787.13 7791.13 7814.63 7819.63 7816.63 7798.13 7810.13 7812.13 7808.13 7785.63 7830.13 7827.63 7826.13 7855.13 

Pulse Channel = 3 EventN = 18
Pulse Time: 2018/05/10/11:33:32.7318560760
Pulse Start 38
Pulse Len 53
Pulse Baseline 15496
Pulse BaselineV 0
Pulse SampleSum 14316
Pulse SampleTime 2 ns
Pulse Energy 14309
Pulse Extrema 0
Pulse Positive  0
Pulse ADC Samples: 15420 15253 14899 14570 14340 14490 14618 14274 14372 14669 14908 14882 15068 15086 14884 14977 15154 15255 15318 15241 15288 15179 15232 15323 15390 15443 15450 15470 15452 15461 15464 15467 15472 15469 15474 15475 15466 15464 15448 15437 15422 15433 15426 15440 15454 15459 15468 15478 15468 15473 15486 15475 15488 
Pulse ADC Voltages: 7708.13 7624.63 7447.63 7283.13 7168.13 7243.13 7307.13 7135.13 7184.13 7332.63 7452.13 7439.13 7532.13 7541.13 7440.13 7486.63 7575.13 7625.63 7657.13 7618.63 7642.13 7587.63 7614.13 7659.63 7693.13 7719.63 7723.13 7733.13 7724.13 7728.63 7730.13 7731.63 7734.13 7732.63 7735.13 7735.63 7731.13 7730.13 7722.13 7716.63 7709.13 7714.63 7711.13 7718.13 7725.13 7727.63 7732.13 7737.13 7732.13 7734.63 7741.13 7735.63 7742.13 

Pulse Channel = 2 EventN = 17
Pulse Time: 2018/05/10/11:33:32.7318560780
Pulse Start 39
Pulse Len 36
Pulse Baseline 15630
Pulse BaselineV 0
Pulse SampleSum 14494
Pulse SampleTime 2 ns
Pulse Energy 14484
Pulse Extrema 0
Pulse Positive  0
Pulse ADC Samples: 15536 15188 14695 14140 13130 13514 14430 14822 15045 14906 15185 15196 15068 15379 15281 15244 15432 15451 15549 15543 15589 15549 15557 15582 15574 15595 15617 15597 15537 15587 15618 15583 15603 15618 15621 15625 
Pulse ADC Voltages: 7766.13 7592.13 7345.63 7068.13 6563.13 6755.13 7213.13 7409.13 7520.63 7451.13 7590.63 7596.13 7532.13 7687.63 7638.63 7620.13 7714.13 7723.63 7772.63 7769.63 7792.63 7772.63 7776.63 7789.13 7785.13 7795.63 7806.63 7796.63 7766.63 7791.63 7807.13 7789.63 7799.63 7807.13 7808.63 7810.63 

Pulse Channel = 1 EventN = 16
Pulse Time: 2018/05/10/11:33:32.7318561580
Pulse Start 79
Pulse Len 41
Pulse Baseline 15888
Pulse BaselineV 0
Pulse SampleSum 5097
Pulse SampleTime 2 ns
Pulse Energy 5007
Pulse Extrema 0
Pulse Positive  0
Pulse ADC Samples: 15845 15846 15821 15841 15861 15860 15821 15807 15793 15794 15779 15784 15796 15798 15788 15776 15621 15754 15769 15772 15773 15770 15766 15744 15730 15722 15741 15731 15729 15715 15721 15716 15722 15725 15725 15731 15725 15726 15724 15724 15725 
Pulse ADC Voltages: 7920.63 7921.13 7908.63 7918.63 7928.63 7928.13 7908.63 7901.63 7894.63 7895.13 7887.63 7890.13 7896.13 7897.13 7892.13 7886.13 7808.63 7875.13 7882.63 7884.13 7884.63 7883.13 7881.13 7870.13 7863.13 7859.13 7868.63 7863.63 7862.63 7855.63 7858.63 7856.13 7859.13 7860.63 7860.63 7863.63 7860.63 7861.13 7860.13 7860.13 7860.63 

