EventN: 7
Time: 2018/05/10/11:33:35.3017443360
EventTS: 1805616917
CrateEventPos: 0
MergedEvents: 0
ADC Samples: 
Ch 0 : 15805 15806 15805 15803 15806 15806 15804 15796 15800 15806 15809 15808 15807 15805 15810 15798 15805 15805 15806 15803 15805 15807 15805 15806 15804 15806 15800 15804 15798 15810 15806 15798 15806 15802 15804 15802 15802 15803 15808 15805 15802 15807 15800 15809 15800 15805 15800 15809 15805 15797 15802 15804 15801 15798 15798 15810 15800 15809 15803 15798 15811 15804 15796 15806 15801 15801 15795 15799 15807 15812 15805 15797 15802 15801 15802 15805 15804 15806 15801 15796 15800 15800 15800 15803 15806 15807 15809 15796 15800 15803 15806 15798 15798 15807 15803 15804 15802 15797 15807 15812 15803 15805 15804 15804 15802 15795 15799 15802 15808 15804 15799 15799 15800 15799 15812 15809 15802 15801 15802 15805 
Ch 1 : 15743 15743 15741 15741 15746 15741 15739 15740 15743 15744 15742 15742 15738 15743 15744 15741 15740 15741 15744 15742 15740 15742 15744 15748 15741 15742 15741 15740 15743 15742 15746 15739 15741 15743 15739 15744 15745 15741 15746 15745 15743 15745 15743 15742 15745 15737 15738 15746 15743 15743 15737 15742 15739 15741 15746 15743 15741 15741 15747 15741 15737 15741 15735 15742 15745 15741 15747 15745 15744 15743 15739 15746 15745 15741 15743 15741 15739 15740 15742 15739 15743 15738 15744 15740 15737 15740 15738 15741 15743 15746 15744 15737 15739 15746 15743 15741 15742 15743 15739 15741 15737 15742 15737 15746 15743 15734 15734 15736 15741 15746 15742 15739 15739 15738 15749 15741 15736 15742 15745 15740 
Ch 2 : 15631 15628 15626 15629 15633 15637 15631 15625 15627 15630 15629 15634 15634 15627 15632 15629 15631 15630 15625 15627 15626 15630 15630 15636 15628 15626 15633 15633 15633 15632 15629 15630 15627 15634 15636 15629 15629 15630 15630 15641 15623 15420 14570 13953 14036 14174 14502 14517 15239 15312 15323 15437 15465 15415 15187 15254 15523 15482 15596 15580 15556 15559 15571 15588 15593 15582 15603 15645 15609 15616 15630 15614 15626 15620 15614 15614 15635 15634 15623 15628 15626 15627 15631 15627 15623 15630 15634 15629 15637 15633 15623 15620 15628 15630 15630 15624 15620 15625 15624 15621 15626 15621 15623 15625 15630 15626 15623 15627 15630 15622 15626 15622 15633 15629 15633 15626 15626 15629 15630 15629 
Ch 3 : 15499 15502 15500 15501 15496 15496 15488 15490 15492 15493 15492 15496 15484 15490 15488 15494 15488 15495 15484 15490 15499 15499 15494 15495 15496 15493 15492 15491 15496 15492 15492 15500 15492 15501 15494 15488 15490 15492 15480 15101 14870 14795 14656 14579 14484 14337 14467 14568 14668 14834 14946 14803 14716 14694 14771 15045 15172 15316 15304 15337 15387 15398 15414 15443 15460 15455 15454 15439 15370 15434 15440 15462 15472 15465 15435 15445 15438 15457 15452 15437 15436 15442 15448 15458 15460 15465 15452 15467 15460 15467 15470 15477 15478 15487 15494 15484 15494 15490 15498 15492 15496 15497 15492 15488 15496 15491 15491 15500 15496 15491 15496 15490 15490 15491 15496 15495 15494 15500 15492 15489 
Extracted Pulses: 

Pulse Channel = 3 EventN = 55
Pulse Time: 2018/05/10/11:33:35.3017444140
Pulse Start 39
Pulse Len 55
Pulse Baseline 15492
Pulse BaselineV 0
Pulse SampleSum 15373
Pulse SampleTime 2 ns
Pulse Energy 15368
Pulse Extrema 0
Pulse Positive  0
Pulse ADC Samples: 15101 14870 14795 14656 14579 14484 14337 14467 14568 14668 14834 14946 14803 14716 14694 14771 15045 15172 15316 15304 15337 15387 15398 15414 15443 15460 15455 15454 15439 15370 15434 15440 15462 15472 15465 15435 15445 15438 15457 15452 15437 15436 15442 15448 15458 15460 15465 15452 15467 15460 15467 15470 15477 15478 15487 
Pulse ADC Voltages: 7548.63 7433.13 7395.63 7326.13 7287.63 7240.13 7166.63 7231.63 7282.13 7332.13 7415.13 7471.13 7399.63 7356.13 7345.13 7383.63 7520.63 7584.13 7656.13 7650.13 7666.63 7691.63 7697.13 7705.13 7719.63 7728.13 7725.63 7725.13 7717.63 7683.13 7715.13 7718.13 7729.13 7734.13 7730.63 7715.63 7720.63 7717.13 7726.63 7724.13 7716.63 7716.13 7719.13 7722.13 7727.13 7728.13 7730.63 7724.13 7731.63 7728.13 7731.63 7733.13 7736.63 7737.13 7741.63 

Pulse Channel = 2 EventN = 53
Pulse Time: 2018/05/10/11:33:35.3017444180
Pulse Start 41
Pulse Len 26
Pulse Baseline 15631
Pulse BaselineV 0
Pulse SampleSum 11369
Pulse SampleTime 2 ns
Pulse Energy 11372
Pulse Extrema 0
Pulse Positive  0
Pulse ADC Samples: 15420 14570 13953 14036 14174 14502 14517 15239 15312 15323 15437 15465 15415 15187 15254 15523 15482 15596 15580 15556 15559 15571 15588 15593 15582 15603 
Pulse ADC Voltages: 7708.13 7283.13 6974.63 7016.13 7085.13 7249.13 7256.63 7617.63 7654.13 7659.63 7716.63 7730.63 7705.63 7591.63 7625.13 7759.63 7739.13 7796.13 7788.13 7776.13 7777.63 7783.63 7792.13 7794.63 7789.13 7799.63 

Pulse Channel = 2 EventN = 54
Pulse Time: 2018/05/10/11:33:35.3017444720
Pulse Start 68
Pulse Len 3
Pulse Baseline 15631
Pulse BaselineV 0
Pulse SampleSum 38
Pulse SampleTime 2 ns
Pulse Energy 36
Pulse Extrema 0
Pulse Positive  0
Pulse ADC Samples: 15609 15616 15630 
Pulse ADC Voltages: 7802.63 7806.13 7813.13 

